currents:
-0.2
-0.4
-0.6
-0.8
-1.2
-1.4
-1.6
-1.8
-2.2
-2.4
-2.6
-2.8
-3.2
-3.4
-3.6
-3.8

recruitment:

nerve
0
3
24
58
206
340
439
515
600
615
628
633
643
650
653
655

Fascicle_04
0
0
0
0
1
13
29
47
66
69
73
76
78
82
83
84

Fascicle_05
0
0
0
0
7
31
50
65
80
84
89
90
96
97
97
98

Fascicle_06
0
0
0
0
34
51
62
73
83
83
83
83
83
83
83
83

Fascicle_00
0
0
0
0
31
55
69
78
87
89
91
91
91
91
91
91

Fascicle_01
0
3
24
57
81
82
82
82
82
82
82
82
82
82
82
82

Fascicle_02
0
0
0
1
46
77
93
107
118
118
118
118
118
118
118
118

Fascicle_03
0
0
0
0
6
31
54
63
84
90
92
93
95
97
99
99
