currents:
-0.2
-0.4
-0.5
-0.6
-0.8
-1.2
-1.4
-1.6
-1.8
-2.2
-2.4
-2.6
-2.8
-3.2
-3.4
-3.6
-3.8

recruitment:

nerve
0
13
33
97
403
600
628
639
644
654
658
658
658
658
658
658
658

Fascicle_04
0
0
0
0
32
70
75
78
79
84
87
87
87
87
87
87
87

Fascicle_05
0
0
0
0
51
84
89
92
96
97
98
98
98
98
98
98
98

Fascicle_06
0
0
0
13
48
76
83
83
83
83
83
83
83
83
83
83
83

Fascicle_00
0
0
0
7
59
85
88
91
91
91
91
91
91
91
91
91
91

Fascicle_01
0
13
33
61
82
82
82
82
82
82
82
82
82
82
82
82
82

Fascicle_02
0
0
0
16
79
113
118
118
118
118
118
118
118
118
118
118
118

Fascicle_03
0
0
0
0
52
90
93
95
95
99
99
99
99
99
99
99
99
